# Created by Octave 9.3.0, Mon Jan 20 11:44:52 2025 HKT <terry@Mac>
# name: v
# type: matrix
# rows: 1
# columns: 10
 2104 1600 2400 1416 3000 1985 1534 1427 1380 1494


